Mid-point 2.00008391911 2.000020769 2.00000330307 2.00000082411
Error 8.39191093354e-05 2.07689960372e-05 3.30307100915e-06 8.24114675613e-07
Trapezoidal 1.99983216389 1.99995846214 1.99999339386 1.99999835177
Error -0.000167836106008 -4.15378626695e-05 -6.6061387447e-06 -1.64822914717e-06
Simpson 2.0000000007 2.00000000004 2.0 2.0
Error 7.04222014036e-10 4.31357172204e-11 1.09023901018e-12 6.66133814775e-14
Mid-point 3.14172447342 3.14162527745 3.14159784204 3.14159394811
Error 0.000131819828693 3.26238626873e-05 5.1884518113e-06 1.29451631237e-06
Trapezoidal 3.14132901725 3.14152740607 3.14158227669 3.14159006456
Error -0.00026363633882 -6.52475221039e-05 -1.03768984743e-05 -2.58903229344e-06
Simpson 3.1415926547 3.14159265366 3.14159265359 3.14159265359
Error 1.10618758598e-09 6.77577993713e-11 1.71462843923e-12 1.05249142734e-13
