4.101118730419413438e+00
1.574270767273840521e+00
-2.012414921550709224e+00
7.992641661535424547e+00
-4.890829206832339793e+00
-3.202800864431021743e+00
3.976323252838795064e+00
-1.974460819781150178e+00
3.948186823439458482e-01
-1.310369195850620505e+00
-4.851437547890331992e+00
-3.046892943329646997e+00
-8.515211780130128361e+00
-2.342586321501425317e+00
1.712659806668693330e+00
7.722560550584149919e-01
3.183682429151291515e+00
-7.312262783964534663e+00
-1.573952185707619300e+00
2.511368608478779851e+00
1.100485428930885856e+00
3.391780881508497103e+00
6.034078450483203682e+00
1.825662867959682245e+00
-2.927124693582546122e+00
-1.173448391784274403e+00
1.456497903579055286e+00
1.025957883607764387e+01
3.238726068486317278e-01
3.385871194714975552e+00
-5.880823070933307584e+00
7.307664268426778520e+00
6.071434528720880408e+00
4.914356697116682993e-01
1.987404366617050999e-01
-2.559818465654472686e+00
3.165595864879514387e+00
-6.960208624182286918e-01
1.355075857395885652e+00
-2.213846519405982871e+00
-9.914535540192334073e-01
1.186803419780328106e+00
9.548967316118337489e-01
-1.042757528237417741e+00
1.472999974046270033e+00
9.662149371885275784e-01
3.085217194357877890e+00
5.528110926633690525e+00
-9.077195180889363613e-01
-2.236148780481807652e+00
5.867553492092818956e+00
3.360932822624359773e+00
-3.417454004676019341e+00
-3.030571332323170886e+00
-1.405293423404110342e+00
5.979780595317754965e+00
3.058072891303615926e+00
7.784948746360201843e-01
-1.236476814516559025e-01
1.099862388719846429e+00
2.455951223380306025e+00
-2.421491639325739076e+00
-2.853290850537880008e+00
-3.666071210218835752e+00
5.331690911094133511e-02
1.268748302010600071e+00
2.635361658086603942e+00
-2.869094564845402928e+00
-4.110781156303138673e+00
-7.749453878397835060e-01
-5.163589691977707119e+00
6.144539117914506576e+00
4.923868940111186809e-01
2.604431929752311081e+00
-4.309411187906050600e+00
1.933008600504013463e+00
-4.289533865468944995e+00
-2.905007995796708542e+00
-5.469028509984547703e+00
1.244199477574698398e-01
3.537424109758299240e-01
-1.824881651975818864e+00
-3.282030169550965493e+00
1.525618002343588353e-01
-8.518248025981077776e-01
2.363765048478383424e-01
-2.904223514591991240e+00
-6.357790704830836859e-01
-2.812954731947479026e+00
4.497745521831227222e+00
3.629274086880828198e-01
-3.314662292621252782e+00
1.007771632034085041e+00
-1.443233731082837590e+00
-2.373922704428166774e+00
-1.510455839036896286e+00
2.356697114124421510e+00
-1.234377024558054314e+00
-1.396523001158462840e-01
-1.177899769472282809e+00
