-3.350890196377943608e-01
3.619543039927861638e-01
-6.888181757159825835e-01
1.028980957051712330e+00
-1.168527873622138724e+00
-2.264614535904363180e-01
-8.488570688784773111e-02
-6.534098578953957404e-01
-1.882804575719952411e-01
-1.244676859919643386e-01
-1.162997321895300917e+00
6.811656080244493650e-02
-1.321371202929741306e+00
1.281149690931244756e-01
-1.452589088065490974e-01
-3.637726899495823812e-02
8.141710671181729975e-01
2.226578300873357369e-02
3.032958303443017423e-02
-4.267761307833277673e-01
3.574705801464708177e-01
-4.576217933238013735e-01
-4.003513087746577437e-01
3.888342014204820840e-01
2.140911326658271330e-01
-3.620209530461929726e-01
1.283381859484961085e+00
-8.452034715606464577e-01
3.452450258846510578e-01
6.029620329066675000e-01
-4.417337936828766853e-01
5.497503834149286561e-01
4.603300870808422762e-01
6.346690737993322395e-01
1.253324504330144640e+00
7.680262827859291042e-02
-7.880033257399479685e-02
2.286486978425633088e-01
1.114070554020700543e+00
8.957347773633022037e-01
3.720146438588853854e-01
2.799749167201188715e-01
5.843246234822145890e-01
1.102127302659910102e+00
2.068343401791043756e-01
7.181200675687867685e-01
-1.238145696323877387e-01
-9.015964548305056558e-01
4.338535894881591082e-01
-2.531941477877124869e-01
-8.402054187868820967e-02
-1.265709380976236531e+00
1.064872284330280472e+00
-2.105503287936775214e-01
7.415845548098322082e-01
7.512882073643799563e-01
9.791003306525672967e-01
9.330157485669912099e-01
-1.368564709324394668e+00
-5.431969429669570859e-01
8.798821822894813127e-02
-1.822470774492807033e-01
-2.368191151046387111e-01
-1.378972434119283275e-01
4.123603652838444544e-01
2.072897800470995255e-01
6.372900079010429542e-01
-6.729752245549051048e-01
1.580134331121266222e-01
-5.432825148193427545e-01
4.268946718598364276e-01
-1.150154257054207152e+00
-5.055683705350721285e-02
3.382024737985644958e-02
-7.914887458579483726e-02
-1.913504388206384021e-01
-3.649225177814500731e-01
1.529003594223824480e-01
1.089700325108300949e-01
1.000605696909329656e-01
5.369976418115037786e-01
-8.631866345724921175e-01
1.017538070186486232e+00
-1.437799394366777284e+00
3.315523231175144803e-01
-1.094724019337434795e+00
-4.923423195481381742e-01
-1.418703922462800637e+00
-2.085734674923678533e-01
4.636333555958899177e-02
-7.287687511308380550e-01
-1.275660424268423299e+00
1.082616872896086768e+00
4.949288299957153026e-01
3.269352693747717975e-01
1.060843281352338158e-02
2.084024511308381067e-01
-4.293801030296662269e-02
1.602809066562825180e+00
2.016649684729147740e+00
-3.452833371722097144e-01
-4.831039026173309381e-01
7.899451236565163681e-02
-1.355427161661527657e-01
-6.284920645360573266e-01
1.240891111266839264e+00
4.974737321073709195e-02
-8.602259857934779763e-01
-2.523462897461742349e-02
1.706199262121182447e-01
-8.204094726350352751e-01
-6.059189561991875639e-01
-9.937895006919927887e-02
-3.089575466511608193e-01
-9.845822995660171717e-01
-2.176157316326305380e-01
-5.677864695551003704e-01
5.715272071409691623e-01
-8.893807953188015425e-01
4.403593083726993762e-01
1.250009565249649568e-01
3.921446867902412814e-01
1.165076025388791070e+00
-9.766690133382049943e-04
7.326995161564404668e-01
1.026425848837663857e+00
1.058759731907237489e+00
3.925888821420309704e-01
-1.114405690563490814e-01
-5.085528575353998049e-01
7.109004163172464308e-01
-5.420992493397327472e-01
5.343799584502102462e-01
-8.313790474975655265e-01
-2.099553327973726180e+00
2.641939105731263004e-01
-9.152369557173454240e-01
-3.998533934155779623e-01
-3.649548071397720056e-02
-1.745916489263310556e-02
-1.063386202644287737e+00
-1.182982773609773997e+00
-1.870370307983257874e-01
1.335647800340826474e-01
-4.477916548331503099e-01
-8.459129947319653509e-01
-1.125892338425311945e-01
-4.957941037282217467e-01
-5.005831336345780702e-01
-5.365449501426748924e-01
-1.392666573137443908e+00
8.891485331119582947e-01
-7.763722637665972925e-01
1.125566816332752129e+00
-1.442080091019869226e+00
-2.647901904096082171e-01
1.887064700971275988e-01
6.774833805842220835e-01
-1.661663665386426125e-01
2.796907875072160432e-01
1.272927257682403779e+00
1.740023568060565795e-01
6.017445474702083352e-01
2.978600426897553000e-01
-8.608435785136318019e-01
5.368057340469840899e-02
-3.748493625376151384e-01
1.188661918906794845e+00
-1.180882880072979535e-02
1.774606308479322603e-01
6.137277399108195253e-01
2.080921268310914618e-01
-8.122235588465837042e-01
-7.930662871041632700e-01
1.757284203981948956e+00
-5.866984572525203445e-01
1.279132015242251175e+00
-3.488915199352893293e-01
1.011335702299553052e+00
1.191359047632365220e+00
-5.702678057356280750e-01
-1.564713830694908769e-01
-1.803800105228511863e-01
3.988432863257042049e-01
9.549606227511783230e-01
-4.500149257905736166e-01
-9.133971144917678586e-01
9.474097172389948085e-01
-1.186912458663517578e+00
2.659832956039503982e-01
-2.566965796817461953e-01
2.446736425308938812e-01
2.565940550107866924e-01
-4.563115705649583020e-01
5.387421330703681122e-01
1.108247458137868735e+00
-4.458650168230439692e-01
1.255137821694487954e+00
-7.460338485122292029e-01
5.793630689685600865e-04
