9.051946400970923845e-01
-1.442918028979372158e+00
2.696962114364325203e+00
1.225924991089911043e+00
-6.574457888711531250e-01
1.633298886068317524e+00
1.853392858262807197e+00
8.322423235965419330e-01
2.368882161938994813e+00
-1.669784435061854921e+00
-2.847993325409881593e-01
5.348626234049382866e-01
-3.008127692848860391e-01
3.430517624389954889e-01
1.816798781292937814e+00
-4.397575428647798823e+00
6.191211077401254093e-01
7.235287810453966406e-01
1.746560162247084991e+00
-2.272769662266300283e+00
-1.813892391192774567e-01
-4.241019589375154553e-01
2.545374366843363934e+00
-1.077068945451720827e+00
1.267292329283661312e+00
-1.278564752023260143e+00
3.441501491425324133e+00
-9.328803137160823766e-01
-2.415652121594391022e-01
-3.035201732164911625e-01
2.085607645799464560e+00
1.519646876429816773e+00
-1.823286017103267487e-01
7.684512802695329103e-01
-5.917342273567901545e-01
2.011160488091950693e+00
8.400863299932308514e-01
-9.697693285367984251e-01
1.249253421118958984e+00
1.891344757730670123e+00
9.617676527472215353e-01
1.076520527297202046e+00
5.406475060996700499e-01
1.283024605152769837e+00
-7.652592370990816129e-01
3.152548055527554904e+00
2.678149733973332891e-01
-1.010535729751882661e+00
-7.514863935084983293e-01
-1.537956068726957781e+00
-2.003797825709856539e+00
-2.192604167031599882e+00
-5.260517747085419193e-01
1.053966039306107327e-01
-1.092003673054827928e+00
2.325165167978402003e+00
1.687857526438092615e+00
8.594086300499542697e-02
7.811178269683475284e-01
-6.851903650886914665e-01
6.074056891033022820e-01
-2.767647385080961864e-01
2.197610560314671169e+00
-7.346711255429050347e-01
-9.183542275143345979e-01
-2.603282253562361870e+00
-1.020237791443389108e-01
-1.420874098940871022e+00
2.167044578374812236e+00
2.002116900513773778e+00
-3.687219267020560132e+00
1.556346406574133701e+00
4.633183248976534552e-01
5.850522178454591327e-01
-1.471588035326668376e+00
2.655827618595457018e+00
-3.552377588021344845e+00
1.272242664838874049e-02
2.257202488128703610e+00
1.307499278457730785e-01
8.161692232665896940e-01
-2.039608328204130405e+00
-3.737494569582959225e-01
-2.138725912092762194e+00
-6.953518954971508181e-01
5.299583608738219764e-01
3.369984846516065335e-01
1.712655746234332588e+00
3.381019747796981667e-01
2.569353779896757839e+00
-5.069147808075762374e-01
1.056166345777564963e+00
-5.197473647143970865e+00
2.279131234452164367e+00
-2.923631241950592763e+00
1.700388572052935476e+00
3.023840089543275989e-01
-4.053992158214624553e+00
5.172364083973873816e-01
9.445304828075040682e-01
-3.002852819989421995e+00
-4.286059957494579853e-02
-6.309269889431895484e-01
-1.349090891321230279e+00
-2.541604091942185839e+00
-2.033698326777970244e+00
-3.245991317682087374e+00
4.654413706219779900e-01
2.340755431052865987e+00
1.592335498603843602e+00
1.329793379727278069e+00
3.569296837054252158e-01
-3.804247850039259582e+00
-5.445344714510041984e-01
-1.568530436782552773e+00
-2.319227268749502802e+00
1.176062643255733287e+00
3.745572097775993758e-01
-5.123809174110688369e-01
-1.334651973166710803e+00
3.404158272525269258e+00
3.444369568193367814e-01
8.481780173718407312e-01
4.958503237345239789e-01
-1.930228096438066254e+00
1.416727966272185002e+00
-1.124906460002666364e+00
7.210119778537419366e-01
-2.888585530816596969e-01
3.215644073240349954e+00
-3.239588101239900819e-01
1.575062095551532204e+00
5.922147620776156973e-01
7.350560865135922217e-01
-1.545787443158831431e+00
-3.574524548574756544e+00
-2.650206719957866941e+00
-3.089632220663234730e+00
1.133681574991647789e+00
1.317023971079061884e+00
4.910957987053270468e-01
2.102856776155634377e-01
2.413500844792057176e+00
6.997221252588536888e-02
-4.121143648311197949e-01
-1.743717361088670259e-02
-2.385624216890201321e+00
1.738312175533123671e+00
1.884975672732899676e+00
-2.940137785428569295e-01
-1.535560971601128033e+00
-2.371342904616481340e-01
2.682656159269653617e+00
7.563179770532678647e-01
-1.129592134939699344e+00
1.643193369006200832e+00
8.506701376129197634e-01
-3.722335819489977493e-01
-2.872204467877798262e+00
-1.251922818747678967e+00
8.233982963824194590e-01
1.775165949455040026e+00
-5.470563858446313432e-01
-1.070271617006653297e+00
-1.082611106337434181e+00
-1.790358943693071136e+00
-6.938490242866395263e-01
-1.797430207395891211e+00
-4.605073600708420867e-01
1.855701449032529926e-01
2.687135301172661195e-01
-1.098836242259957574e+00
-1.411630661892328220e+00
-1.134477369569546479e+00
2.127780018706953769e+00
-6.480189032508066882e-01
9.408187317347791456e-01
1.324087013283814063e+00
-1.125770615465719438e+00
-2.237369298354678904e+00
1.993231421836908712e+00
-8.286259907213324727e-01
4.463502032955089516e-01
-1.007415319870458070e+00
-1.352291832120474657e-01
-1.884196205083951359e+00
-3.753786196840568579e+00
4.400822532494915507e+00
2.902474786936412587e-02
6.902276975438021989e-01
1.122013699615204585e+00
2.227473299951266306e+00
-6.250535411362121430e-01
-1.451813094828510398e+00
-3.380329763013271815e+00
-2.765739752000446749e+00
-2.549935795016089468e+00
1.652884822871951709e-01
-3.057281107731926184e+00
-2.525849372738973475e+00
2.212721884770376679e-01
-3.609223502934179706e+00
1.178207276126960634e+00
2.458146975996090777e+00
-7.778114724914590994e-01
1.300177229520417921e+00
-2.457104784994363911e+00
-1.348235373459613751e+00
1.504157867109936486e-01
-1.156993386435175131e+00
-1.941961917756540812e+00
-2.833086303718650001e+00
5.922646944570000294e-01
2.500168018714425955e-01
-3.422495978217774959e-01
-1.820860270823124072e+00
4.435331687405274503e-01
-6.119182518861457920e-01
6.889059714765903841e-01
-2.503418645671320331e+00
-2.541914593798534572e+00
5.972488666831925197e-02
-6.804264961589201466e-01
-1.967816714313302073e+00
-3.548132517504554162e-02
2.475249056018266280e+00
2.859378733522972560e-01
-1.858568791326170588e+00
-5.219067032011636131e-01
-2.277601400426068956e+00
3.303400138201697089e+00
1.167291471085448951e+00
1.158621789368744215e-01
-1.328696937600698513e+00
3.069640283207020759e-01
-9.025155757277090185e-01
3.298696741924257436e-01
-1.253217962762945614e+00
1.947181325622308723e+00
1.081066517679032807e-01
-1.388189882114631901e+00
9.625020391453306123e-01
-1.611980978888420291e+00
-5.618972987569375022e-01
-2.348837175464930205e+00
-3.769313277562302833e-01
1.158348874467733713e+00
1.420560914973894029e+00
2.730177908725145430e-01
3.216090938967512969e-01
-5.681146919648106808e-01
-5.193486566046839892e-01
-2.851012504999555830e+00
1.448143149075570291e+00
-1.591593266927129768e+00
2.601888657162193530e-01
-9.556791001384699058e-01
-4.090127505191015755e-01
-1.241678407328416167e+00
-2.613940582613529240e-01
6.419049087296319067e-01
9.596134967747258493e-01
-1.858784349166000105e+00
-1.891648727858063594e+00
2.103439137685686244e+00
8.737086553052516580e-01
1.060983382058287683e+00
7.750645912795790515e-01
-3.133912516290638273e+00
1.809118532903603027e+00
3.056982792746982813e+00
2.414252664537855364e-01
-2.990622163825674029e+00
1.873115379513750067e+00
-1.155191444589203309e+00
-2.396916826413817869e+00
-5.605993977434489128e-01
-1.451715843887858348e+00
6.659164676523030568e-01
3.142341953602746152e+00
1.044063481013014272e+00
-1.171344095648202188e+00
-1.404525145779360829e+00
2.306276788180026127e+00
-7.678273614522689305e-01
-3.787404956646014953e-01
-7.051378526570946104e-01
-3.234909478474295996e-03
4.065669019007022156e-01
-2.130081165465036896e+00
4.428590745506206794e+00
-2.551801714646144137e-01
3.762343732370850291e-01
-1.142651297358363849e-01
-1.057523039782707563e+00
-6.784365323947676440e-01
1.192804950575316880e-01
-3.364907190770963563e+00
-1.659222796304157921e+00
5.325475854871666304e-01
4.233656664604840136e-01
2.046488684175747697e+00
2.020570123540605945e+00
-2.082706245456500405e+00
1.564260061321500528e+00
-1.667533757963867380e+00
1.189358913552984065e+00
4.615888339203089163e-02
-1.618870612826682542e+00
3.259460581685710068e+00
-2.553802141407997439e+00
1.555839334261094997e+00
3.555133490041254340e+00
-2.936653429281202321e+00
1.894951197775094576e+00
-1.680779298870664906e+00
-9.481191006609388516e-01
3.109995226859116446e+00
2.507356904713912371e+00
3.019614726498277002e-01
1.387452697684607550e+00
-9.208944877882259128e-01
1.259468736982051418e+00
-2.161289341097128780e+00
-1.816162468773415473e+00
-1.857846955473950179e-01
-3.522864411646289273e-01
6.151226535874027013e-01
2.378876125404666975e-01
7.024408907666789270e-01
-2.215320490212584481e+00
-1.026380286750297799e+00
-2.652954882466393549e+00
6.251586381482691079e-01
-6.955433345715974491e-01
2.659252285748696654e+00
-7.898260719445588940e-01
-1.960055968545094895e+00
-1.782626508023956502e+00
2.090996545139056639e+00
-4.384555724306844482e-01
1.166693687255861533e+00
-1.038813703068997230e+00
-2.164206065346325314e+00
-5.144094788582391775e-01
-1.191023520207082020e+00
-2.397877261393857318e-01
2.428920224597804767e-01
-1.469634304428441229e+00
1.302745062466268422e+00
4.218203973619299774e+00
1.690880994411722460e+00
-4.711711812524079224e-01
3.283400520513899412e-01
-5.797598625088560276e+00
-6.140495681995771227e-01
-1.885635106154758933e+00
-3.896699515662355839e+00
-2.224919246285699259e-01
-1.747540699716325197e+00
-2.340974596983429912e+00
-2.351220864504840691e+00
9.116456044458645103e-01
1.739303895951305634e+00
2.796715694815727016e+00
1.217282544001963007e+00
3.498273489716420825e-01
-2.826965057905659329e+00
-6.047972148306210993e-01
-2.607301431628471278e+00
-1.142340165095562909e+00
2.388778682566663925e+00
-5.800604268186231316e-01
4.756344485309020875e-01
1.132536730414855697e+00
4.808693003128008958e-01
4.076785854071667714e+00
-2.479568884904007398e+00
-2.149902786814623656e+00
-2.313980993902513550e+00
-2.726864975593628060e-01
1.820845415956257707e+00
-9.971638501164743484e-01
-1.239986400289898150e+00
-5.700801930989268795e-01
8.537672025544282839e-01
2.696612669091993375e+00
3.296884838369405379e+00
-8.188691685703319845e-01
-1.167654671148675161e-01
1.144948294227718238e-01
-3.501096964120475885e-01
3.801029511363586688e-01
-3.867890017062198815e-01
8.434048947207998248e-01
-1.721426755287458477e+00
-3.994327965640598332e-01
-1.322779147794964638e-01
1.759060450571159118e+00
-5.717990000630830405e-01
-4.764947351837738321e-01
-1.063054820618741125e+00
3.350797218417049361e+00
4.849418703034020228e-01
1.206955782359748319e+00
-9.759609127461678080e-01
2.259332569370211985e+00
-3.396958699868036224e-01
-3.046738029067465714e+00
2.271323006943498868e+00
-1.501887471888873504e+00
-2.023732286821783077e+00
-1.951654845281304285e+00
-1.424013333608125986e+00
-1.904746642476113472e+00
-2.034307885305534302e+00
1.896573956362117341e+00
1.240983695484042304e+00
1.702220847017573480e+00
-7.374353723241803271e-01
2.998357028060331664e-01
7.626348981788204640e-01
1.695550829511157931e-01
1.310902485944434259e+00
1.728330366202130097e+00
6.320373198930548941e-01
5.663574798836122914e-01
-4.309972453611656817e-01
2.365946916556728841e+00
1.408082158455909338e+00
-6.737809495334889931e-01
-1.681186546192668940e+00
6.591085182281440913e-01
1.149401329297230268e+00
-1.821614452804137807e+00
-3.069704844299897539e-01
-2.242456489659217844e+00
-1.371645723752528134e+00
1.152436170063215304e+00
-1.199420195201216677e+00
1.169735796350642731e+00
-4.524992008126853094e+00
-6.116506068256694073e-01
5.079572181463932745e-01
8.453924447789030738e-01
2.833668981666993769e+00
3.748806886123566828e-01
2.941100252943260607e+00
1.327254132108533380e+00
-1.024264240151040894e+00
3.918594863456585919e+00
6.607342346538744859e-01
-2.183727566363831696e-01
-1.557299104627212771e-01
9.115881476419717133e-01
-1.767441022160416875e+00
-1.729405892496938435e+00
-1.102031268500872213e-01
-1.554724308445217529e-01
-1.866388409771168266e+00
-2.800506460768239503e-01
1.341950942887138121e+00
3.368466728681845379e-01
2.313532738047022974e+00
1.725664639893061958e+00
1.082597281972720094e+00
-1.438753808506564313e+00
1.514370337793861543e+00
-4.848010663324495706e-01
-5.363440506655861917e+00
-1.082879733394291444e+00
7.823941857773920594e-01
-7.403574080627632892e-01
7.312006057965377837e-01
-9.960844239569002223e-01
-1.760747780050293532e+00
1.934639889904865573e+00
6.677804535207196857e-01
2.369594673274964869e+00
3.098259618089195477e+00
4.987377369612135958e-01
2.473551051705737969e+00
-1.062190401983046373e+00
-2.497250239559593243e+00
1.272290579469167460e+00
1.483644552322302079e+00
-1.409663433731191295e+00
-1.626277979882742697e+00
1.027751760940879278e-01
-1.751721680809928294e+00
2.011271366190710008e-01
-3.499396537930310913e+00
-1.735429474161342744e+00
-3.373418691630963862e-01
3.296534386769215952e-01
-2.059820056049776471e-01
5.101218966649572195e-01
2.529487472084955835e-01
-3.533543287230885288e-01
-1.708144768447396711e+00
-6.834425085083424278e-01
-3.817049474077825355e+00
9.146277038167143214e-01
-1.304449824485841347e+00
4.096995491433486070e-02
1.419957111941796413e+00
4.469789746891110749e-01
1.629935002370066499e+00
-1.178269702679966446e+00
3.708326996914224516e+00
-4.971020826198156439e-01
-2.175302364902221286e-01
3.267338594686383657e-02
-4.401412186580385688e-01
1.122626614499363740e+00
6.172901286498665430e-01
1.254227421425818889e+00
3.354438296208434034e-01
4.439586040054542826e-01
-2.451437233678531946e+00
-1.166999939542242126e+00
-3.515886439983028744e+00
-4.755114444745954794e-01
-3.629538223538269492e-01
1.671718688923873541e+00
6.118773165559939775e-01
5.736480895610213127e-02
-2.515806293859463860e+00
-1.217826907062098618e+00
-1.667991100964482332e+00
-3.427443904886823489e+00
2.708540537860252062e+00
7.648918907633743824e-01
6.341124372408580845e-01
1.393205902918503436e-01
6.576091193228954523e-01
-1.576975340687341576e-01
7.186477506481803168e-01
-2.823722131641295263e+00
6.416644269072250273e-01
5.569892010492284440e-01
-1.151685376213237966e+00
1.028884287109709028e+00
-2.277399373917710079e+00
1.082146783100574883e+00
-3.542803583331423312e+00
3.243051196362325417e+00
4.598882334100154345e+00
1.671238976796794118e+00
1.954584175138746938e+00
-1.576346339834592825e-01
4.074694051988545063e+00
-6.558466962612128359e-01
6.713796264746124676e-01
8.891258170881756184e-01
1.200297577769878332e+00
1.085805029904169272e+00
-3.873917530121587238e-01
2.647071281524633779e+00
-2.358956972399112728e-01
-2.615115184484959054e-01
-5.004794044372014028e-01
-9.501306645214141477e-01
3.096710578276927528e+00
5.813311313328961560e-02
3.738057041774100586e+00
-4.663374263305710143e-01
-7.147652465640323971e-01
-7.279377476045145734e-02
1.307695221530205343e+00
1.944736522251839794e-01
4.292564903305920332e+00
-1.732770491431610882e+00
2.563572972182043830e-01
-1.120606697097009441e+00
-3.394555694143653879e-01
-1.714223729235732741e+00
2.380574447179445663e+00
-2.349380428646080876e+00
-6.918244844051272269e-01
-3.796097514394055072e-01
6.542041408612928599e-01
-8.813267429528165442e-01
2.247785489762570421e-01
-2.614955131206516903e+00
3.883017383077034257e+00
-2.856792071083892104e+00
1.822953548608046148e+00
-2.285119740597836291e+00
-1.241585423081245310e+00
-2.421343174435046652e+00
1.464758005683112208e+00
-5.463339465521366289e-01
-1.631927342931285940e+00
-3.405361112972729920e+00
-1.014795205099231046e+00
2.924038839393399147e+00
-1.629765072288081651e+00
2.777149593731986776e+00
1.612946480622917678e+00
2.433615144845036493e+00
1.892836207984220087e-01
-1.502082540759198670e+00
-9.132969808531593570e-02
-6.638051495744305974e-01
-4.254332872313275615e-01
1.623536189375730743e+00
-2.400417184228043510e+00
1.157219909420885262e+00
-2.894022020578751464e-01
1.248683782769740125e+00
-8.055692393928934880e-01
2.690821767880615223e+00
3.177364588346258678e-01
-6.495783944482906858e-01
3.063615034533518355e-01
-1.151392786829917192e+00
-2.104416619213939743e+00
-1.153384583856488455e+00
-9.942416309009934061e-02
-1.364296237969049308e+00
-4.955433017640188953e-01
-1.291487203972071507e+00
1.772811792300017952e+00
1.276874433640089901e+00
8.646594827768072644e-01
3.428974421392697813e+00
5.300419454310343337e-01
-1.378481982140091766e+00
-3.168330849583308684e+00
4.619442180719339763e-01
2.484570214393154952e+00
-3.116414020468122104e+00
2.180349169078803939e+00
2.894636838520592281e-01
6.506937125885505768e-01
1.502002054228317895e+00
-1.245247535130676875e+00
-1.189565813003525263e-01
-1.101678087821189589e+00
-1.154123257689939619e+00
3.664169087330715335e-02
2.474836254773971511e+00
-1.876519525671307198e+00
3.253370375288896721e+00
3.690124805125855056e-01
6.436301435515427993e-01
-2.120410958558399672e-01
2.011576567711750307e+00
-5.016070267885115452e-01
2.760535707504317759e+00
-1.209285270859375316e+00
-7.079320741655759086e-01
1.180618584751586653e+00
-3.916426679756021656e+00
-2.903603085786133908e-01
4.717300234323756891e-01
-2.492950423593357778e-01
-7.680598267757519082e-01
1.958343605350653327e+00
2.525252949778898248e+00
1.839653456541350707e+00
1.291261810509144459e+00
-2.831136816303496229e+00
9.874859598610354894e-01
3.923209890245670239e-01
1.033346561053215318e+00
-6.900601069794004561e-01
3.851485395533971179e-01
7.083557036318206546e-01
8.052318154440385456e-01
8.706246180410126545e-01
-2.927099170659465122e-01
7.099562404129973192e-01
-4.405943924112841192e-01
1.077458592884357191e+00
-3.051159483027550134e+00
-1.559207825787048751e+00
-1.098080081159276356e+00
-3.138228449317636004e-01
1.465703026879835003e+00
2.134376461386379376e+00
1.427245020136053810e+00
3.304346115178861121e-01
1.522588533582260872e+00
1.764510365192800023e+00
1.782710550879954781e+00
-9.716406880298134041e-01
3.532364104208982614e-01
-1.831042408652365117e+00
1.567866007375993131e+00
-2.115864771397559796e-01
1.911029973464184240e+00
-1.889584715551287097e-01
2.621620922699525735e-01
6.944584219544049919e-01
9.253494320510750049e-01
4.958603460332359214e-01
3.175448220312858116e-01
-1.117932594346091379e+00
1.836056125624736080e+00
-1.233052177316893872e+00
-1.115760987726393427e+00
7.019858158999614517e-02
9.486206357292759073e-01
2.956322530254355208e+00
1.824387851536538596e+00
1.646604660146299581e+00
-1.802462689611377566e+00
1.011978408536028162e+00
-2.164466011270663959e+00
1.406379754494438972e-01
-2.226433330343553063e+00
-2.855128376989810590e-01
-1.346559338662549621e+00
7.920918269317193117e-01
-1.166179770857069364e+00
-2.168160479734665635e+00
1.438045506545526875e+00
4.020192176185943822e-02
1.375686272408571664e+00
6.809380030867158151e-01
-4.007873227805968774e+00
-1.716078506567841888e+00
1.696465972488177432e+00
-7.565818210663395327e-01
-2.574874819121391489e+00
1.261731025949101692e+00
1.495531712047058370e+00
4.258390989553547001e+00
-2.941570921073259015e+00
-5.946954750245647681e-01
4.760752379110914645e-01
5.143598207574753278e-01
7.857792078100389599e-01
3.975250651961823034e-01
4.915697663098035908e-01
-1.852430486841210477e+00
-2.852215521213694593e+00
1.188310096946955108e+00
3.638460213670127730e-01
-1.253689305153944833e+00
1.860238847661702666e+00
-3.447049694200296499e-01
2.260349942187294126e+00
1.043129944243941676e+00
1.531711668536054782e+00
-1.184460767666630776e+00
1.761284085083982820e+00
-1.135712905247031612e+00
1.995759812122892995e+00
9.635055002766703680e-01
-1.199977143717763317e+00
-3.379196231715673182e-01
-8.211206782148288141e-01
2.145668128897352922e+00
-4.217844252894484836e-01
-5.204356786845972804e-01
1.911333340998025987e-01
-2.332097948534385123e-01
-1.074834140218610123e+00
-2.132572084237684074e+00
1.338017569770039383e+00
-2.768333264082778022e+00
1.311053509207675827e-01
1.841739450691349811e+00
1.432482396953570492e+00
3.123845255874939220e+00
3.747136093476264307e-01
2.999029205327347070e-02
-1.456549057323153207e-02
2.565041022077152899e+00
3.770479154845753911e+00
3.287818130107626469e-01
-2.707767794089383173e+00
-2.581388822597295185e+00
-1.866866977377150461e+00
2.134558255862381237e+00
1.608817259003958000e+00
3.061057540278683042e+00
7.129313314863841011e-01
1.048672292634027281e+00
-6.219074471341171639e-01
-3.049899340204520026e+00
2.508109762458272662e+00
1.135058110937474218e+00
2.352186042235785979e-01
8.302559614247797537e-01
-4.986629265137141886e-01
8.144574199558574090e-01
-2.226757610748439031e+00
3.198697824115510624e+00
-7.316379604958163085e-01
4.236993734259131977e-02
-8.564877894728366303e-02
-5.576304388999770989e-01
-1.881311049556869897e+00
-1.451900028695781941e+00
-1.891930948677583435e-01
2.100323333534056758e+00
-3.188348628021578368e-01
-1.381230667116682076e+00
-4.700937935971010173e-01
-1.077455350987195137e+00
1.031076672374688030e+00
4.846756476772231537e-01
-8.072973127058815646e-01
6.433533085034870425e-01
-3.502604398079818271e-01
4.079557542637835543e-01
-2.037922396721048024e-01
-8.156795342581812935e-01
1.496193068388638747e-01
1.153715671965273248e+00
1.372044981653550044e+00
-3.560058820837295190e-01
3.615469682748759350e+00
-1.475544738311824977e+00
-3.819212570356833591e-03
-1.134621894125446895e+00
5.698525345113631957e-01
-4.760774933622808902e-01
-5.143670311236880011e+00
-3.632216823052197840e-01
3.917205583671507618e+00
-9.766089062129679199e-02
-9.887016279909899286e-01
6.100692734492052516e-01
1.162429437078799088e+00
-1.841875898253376054e+00
-3.554618707372600106e+00
-2.410067992261569758e-01
1.134155368482386184e+00
-3.363631537101348101e-01
-2.540336633130948929e+00
2.965924833785470227e+00
1.721814613367035784e+00
1.578841162345078208e-01
-1.798222982844960849e-01
-5.511364836886059049e-01
2.455241171561414415e+00
-1.560000842953892519e+00
7.043539010035837489e-01
-1.174250101221456344e+00
-1.047780722100421391e+00
1.839518095068533921e+00
2.812506286423301027e+00
-2.203358951636300578e+00
7.569352486565268379e-01
8.681006425536885729e-01
4.890312729329278629e-01
9.227869832597022093e-01
-1.958275306918138892e+00
-3.766786747624130127e-01
1.998904651073942107e+00
-1.822256847505728139e+00
5.566359435500356501e-01
-2.118487442333870430e+00
1.226573588542866911e-01
2.199640545422789917e-01
-6.993986658221201802e-01
7.173544811631575868e-01
-2.860432765627102025e+00
1.080564405218707447e-01
-1.751993854135506679e+00
-1.601771718071501871e+00
-1.716221376721528857e+00
1.539896089810122826e+00
5.642257261339758134e-01
-1.003502650571331145e+00
9.459150409605671106e-01
-2.967638482261850119e-01
7.422976161748284785e-01
5.788533831604372182e-01
-9.688571561844431246e-01
-9.168995403521918997e-01
8.759394311357926455e-01
1.231522701845748635e+00
3.452304927902282161e-01
1.225198387642103259e-01
-2.629120289480118000e+00
1.307113196506400232e+00
1.958563448831024179e+00
3.303091088468692593e-01
2.576271384249364971e+00
-1.288914284938560639e+00
1.289747721390968715e+00
-2.494901820293728423e-01
1.404032270095513457e+00
1.873266356170898206e+00
8.775039733181112522e-01
2.999785165930986430e+00
-7.273485493473649255e-01
4.140829684790120480e-01
1.586859795048319199e+00
-1.924390689625351536e-01
-2.138219415916852384e+00
-7.447837193780031395e-01
-1.387845552342585664e+00
-2.548384892403122493e+00
-9.972789746846484615e-02
-9.029979533238337019e-01
5.191970984736116179e-01
6.907257944537165129e-01
1.647490743175324734e+00
2.715849439241327712e+00
1.804043552139493301e+00
1.140773085572120094e+00
1.237133517421854956e+00
-6.867884276378380948e-01
2.161742123375610947e-02
-1.219357164552873796e+00
4.597571899106500659e-01
-3.537150530953143246e+00
-4.152776333101118045e-01
1.348152175375753270e+00
1.648130828988944474e+00
-2.681020214233198473e-02
-2.507674733237310605e+00
1.879894745372002962e+00
6.783721659374740698e-01
-2.947741310218447985e-01
1.564020800795035138e+00
-5.569874461298565116e-01
-5.304731738315364709e-01
-1.604151100240034822e+00
-2.582204771286161771e-01
-4.329376644061833646e-01
-1.666241470845301498e+00
1.110264587587401763e+00
1.944218601288673742e+00
-8.910514986270661186e-01
1.318373369223461156e+00
-2.421165379791272443e+00
4.403677422805726271e-01
-1.474486297846191452e+00
4.356422805341787274e+00
1.925342768081319100e+00
5.314304100164704003e-01
-3.660054835439532361e-01
2.825930678724990930e+00
3.696485716316658898e+00
-2.652043528662070826e-01
-2.557437111782584260e+00
-1.296195722945301165e+00
-1.269548854839785523e+00
2.372334492066686673e-01
-2.174931289051043493e+00
-6.587547773486455149e-01
-2.720951053495349603e-01
-4.849737581737782466e-01
5.361172011202578469e-01
1.364685163114910837e+00
3.391152484648087828e+00
-9.938844090919525254e-01
2.265588071271424031e+00
1.055372594875004510e-01
9.861636067698951180e-01
-2.747988112378681791e+00
1.133952411069387489e+00
4.212955878771178497e+00
8.540622522294087915e-01
1.197516223670820779e+00
2.413502022316262874e+00
2.669937125567646952e+00
-1.120756705296391154e+00
-2.354974693236331351e-01
1.186808926721061308e+00
-1.968977718161204038e+00
1.115143843195294027e+00
-1.954687948820311938e+00
-4.263583671798524932e+00
-1.185247624950233725e+00
-2.201479477481081304e+00
1.314447920744491682e+00
-3.439006611083888360e-02
6.294482108937168308e-01
9.643288993398252407e-01
2.676274497521379470e+00
1.154660068892431113e+00
3.296270002526449083e-01
2.459029811143863320e+00
-2.580811456382458235e+00
-5.049017464138709776e-01
-1.013858164386130412e+00
2.131389138877719081e+00
-1.014759886305568237e+00
1.049357106229711789e+00
-9.474404852942258648e-02
2.538715899230470363e-01
9.313773065271253593e-01
-1.905344144742525669e-01
8.426889686974848859e-01
-1.162153692821189299e+00
-1.673798211686904347e+00
-5.446098845175774805e+00
2.514805138836016862e+00
-7.843128773475467608e-02
8.870586201923247316e-01
7.306317012618949169e-01
