2.236578430567297993e+00
3.205208588460374819e-01
-1.432296249909789321e+00
-8.182378376514591878e-01
7.107080078634414599e-01
-1.734648375275982479e+00
-2.851498149584999475e-02
-1.125701836786979770e+00
-1.333595506163618438e+00
5.270973390760436139e-01
2.845231029670882150e-01
-1.109930340376599212e-01
-1.398790764053536195e+00
1.172694532979182691e+00
1.225585057856866111e+00
-6.812974631392854086e-01
-1.777053847646780094e+00
6.597509214109571474e-01
-2.007379551946806728e+00
7.137727893576457650e-01
1.142025170175483550e+00
-1.034489014300217447e+00
3.387068625736888716e-02
1.032697475843249002e+00
3.183703685882032786e-01
7.421234738168813738e-01
6.344481802498112000e-01
5.058457556334446936e-01
4.436232316700353118e-02
7.540919603328561927e-01
3.471444464217987580e-01
2.532133102105930123e-01
-5.082816326886466229e-02
-1.210545294626250490e+00
-1.195869884132552338e-02
3.339466387806170888e-01
-1.906810667958644401e-01
-3.352554865774286519e-01
5.638443810172180104e-01
1.251669598651841575e+00
1.725013925845019891e+00
3.182215314675574724e+00
2.648556619007941815e-01
-6.441784566456886241e-01
1.677430283943097233e+00
1.401343017571980099e+00
-5.115062230049411962e-01
2.472505830477825794e-01
-3.817599469924257694e-01
-3.177047653004945182e-01
9.608573300839819975e-01
-1.228524102539858998e+00
-9.617076854696571253e-01
1.416647707937101153e+00
4.646621010987209699e-01
-3.259202050023386477e-01
1.679436505179063843e-01
-8.566716886791218011e-01
1.352923795185893230e+00
-5.949592296946624170e-01
-2.654668628231868777e-01
2.693879018874429931e-01
-1.343965209461506660e+00
8.916793500107765835e-01
1.847078998216860057e-01
-1.870021618918569772e-01
-5.632442789701059827e-01
-8.895198341876122683e-01
-7.196938919612887453e-01
-1.242704065915639422e+00
8.398997567905619466e-01
-3.828067480731590644e-01
4.133947338303728403e-01
-8.537813018002826659e-01
2.775295757077966829e-03
-1.054347414510259373e-01
3.145442468853724693e-01
-3.409123447741811974e-01
-1.830702192055722266e+00
-6.475657126763733062e-01
-1.970316669803680587e-01
9.144955344360650162e-01
-8.171602192199242110e-01
3.590551586048251753e-01
1.427651154437614700e-02
-1.149566722909503680e+00
-6.213257551108191112e-01
3.779952708845413789e-01
-8.900244406825331689e-01
-2.094275893155198021e-01
-2.119089759229643155e-01
-5.739553543624853482e-01
1.324048089815533125e+00
-2.943722989810058088e-01
-1.338126881026139969e+00
-5.275171142211965147e-02
-1.053824159291550933e+00
1.288008629129649085e+00
1.681565831796485666e+00
5.308718721211841407e-01
1.167477218697217101e+00
-2.311086491734762327e-01
-1.054709760958813858e+00
4.299135689225891399e-01
-3.098086224310734327e-01
-9.459433258928591215e-01
-1.862230075323563216e-01
-2.956368423773768628e-01
1.647728637431846055e+00
1.210663073745168461e+00
-1.817889538054642817e-01
4.034252026961522852e-01
5.709319208491998587e-01
8.405198224481935654e-01
-7.343143468939562490e-01
-2.923168655315980247e-01
-7.527054172553360178e-01
-7.844454287597171227e-01
-1.226997931215789039e+00
-1.946334167984713204e-02
-1.253374976174106203e+00
3.813315305067582206e-01
5.193143750772533096e-01
-1.373563837892881168e+00
-1.353042908523488075e+00
-4.827132510464112181e-01
-1.154363932140837629e-01
3.014728387797558362e-01
-4.144934810008700232e-01
-9.980465222049011986e-01
4.028254859581273939e-01
-1.414362442605205661e-01
-8.837749493261100042e-01
2.878935092198031676e-01
-4.406601664261135531e-01
-1.175278130717216873e+00
-8.045562479807315537e-01
-1.188879594351399394e-01
3.388355859993239516e-01
4.202441036668959629e-01
5.126871110588786529e-01
7.629464083022320375e-01
-7.667496902526685920e-01
2.993212315040365556e-01
-1.559274253941004496e+00
2.258163348158131467e-01
4.006687232879799776e-01
-2.074493490830458864e+00
7.420633790962439802e-01
-9.673852269383906854e-01
-3.578284100021397185e-01
4.675375545833885815e-01
-1.559684821285634460e+00
-4.886725144970858192e-01
7.415222460036102747e-01
-6.878116370817929370e-01
5.136439399073484680e-01
-6.621128608704690555e-02
1.518700795237579726e+00
-4.568015026052729688e-01
-1.592832082844904296e+00
5.298871466771026828e-01
-1.262930726654775349e+00
-8.002592060957681719e-01
1.907485111863363447e-01
3.265751217866176837e-01
5.222035526706747532e-01
-8.324073892427396038e-01
1.548183516768252277e-01
-1.102831209579531402e+00
-6.958300905297848393e-01
4.360006933136194585e-01
9.785691777817934200e-01
6.875111820686646835e-01
3.060721372593433465e-01
1.741591523277439935e+00
1.028207446138396985e+00
-5.129133661310188996e-01
1.995477686407270079e+00
-1.389789395755137047e+00
-7.277461005592598120e-01
-4.573243069605277267e-01
-4.633873569381002366e-01
-5.022553916956489228e-01
-3.492083411860256170e-01
1.148379456690327149e+00
-1.177989545832356377e+00
1.714837756656702128e+00
-1.284018549412107246e+00
9.818768757499022337e-01
3.661893723044474802e-01
1.090491175055420703e+00
-3.512628472484401465e-01
9.544571740426799344e-01
-9.214387509003341137e-01
-1.081401460725247787e+00
2.977773283246959446e-01
1.593051843427906844e+00
-5.094138066600283343e-01
4.952938167288359894e-01
-8.095661914462787268e-02
1.045323592794883405e+00
-6.158474053530451631e-01
-3.975399110673472625e-01
1.733931401571348285e+00
-1.553248721205011451e+00
-1.107981363947117881e+00
9.431384735077338322e-01
-1.335994009541104033e+00
1.090880831810655982e+00
7.189684816528191247e-02
-5.844923265645056709e-01
-2.865994664747673615e-01
-2.984790312912374288e-01
-1.963964081844493670e-02
-9.362830364449765685e-01
2.967753259545045097e-01
1.053186657263470494e+00
6.344384168351012709e-01
1.214574611317909225e+00
-3.963485868726681627e-01
3.273866042357733569e-02
-5.316979534789245676e-01
4.822520157290263176e-01
9.096197197129307632e-02
-1.089669687335534265e+00
1.249475593908127680e+00
-2.553375308750962525e-01
1.422492288319657794e+00
-1.909610745592727810e+00
-6.603681548954869474e-01
7.589246793208752617e-01
9.301934104608806653e-01
-1.045415024886550692e-01
1.942417025834918265e+00
1.127243169692609293e+00
-7.957301530603831941e-01
1.377248243700387897e+00
9.038267392950780632e-01
-8.338940411492319349e-01
8.202741737276996181e-01
1.150445616697043150e+00
2.960031730690668161e-02
-7.858145556456151981e-01
6.769848596267399321e-01
-1.624856889734470400e+00
7.755094592122480091e-01
4.437686386990239429e-01
1.090548945215074728e+00
1.330327854493165596e+00
-1.254776841149303657e+00
-2.393126190339400494e-01
8.693462463643810700e-01
1.898458562420045848e+00
-3.419019876542842562e-01
-9.894019670224397656e-01
-7.369848619535198653e-01
3.324650605361897382e-01
6.702400383410561657e-01
5.476591631803379157e-01
8.810239102920536247e-01
1.196608999081492986e+00
6.822269059573692340e-01
2.663722881919699859e+00
-1.691444756485409151e+00
4.871832263815084607e-01
1.883125330024201516e-01
7.648669207682549098e-01
8.050292879283289793e-02
8.436056256170586243e-02
7.827945267374636362e-01
1.544677018361975795e+00
-1.146540054526064001e+00
-6.228111291098012980e-01
1.495745326102784878e+00
-6.804616408562708108e-01
1.565475554949789849e+00
1.642936428420459727e+00
6.996033515502598776e-01
-1.849646471262764713e+00
-2.657160713692885423e-01
-2.470656869855771681e-02
-1.715339560939873831e+00
7.611958282173310053e-01
2.153605958124594100e+00
-7.828119328789839848e-01
-8.820351405381720022e-01
1.169681441720153980e-01
-1.331171058025614418e+00
3.139464365348297870e-01
-1.062388499016442944e+00
4.814706696362562877e-01
-1.560134073117891651e+00
-1.375565508871248177e+00
8.064605248558134321e-01
-2.399917578290417630e+00
3.512598192798006003e-01
-8.923563001742140788e-01
2.520512186071593996e-01
1.170426671373044680e+00
-4.868079342732669623e-01
1.363984194393613514e+00
-1.656595436958488543e+00
2.473172462801174198e-01
-2.041868242775720932e-01
-5.994305929511146713e-01
1.097082676582881167e-01
-9.491984324251124816e-01
9.769943214556380262e-01
-1.443435461755995464e+00
-4.543938244374513546e-01
-1.530732678598547558e+00
-8.899305127408564386e-01
6.913931740046741492e-01
1.283388256570513697e+00
-6.554088971988817347e-01
-2.134387590797446888e-01
-3.289633519153549734e-01
-8.739167641393543740e-01
-9.401966441313341916e-02
1.134624212508840158e+00
6.377349122664979775e-03
9.067939116174815739e-01
-1.438097161536461943e+00
-1.306647975921104710e+00
-9.334499580101712768e-01
-5.674735611914190070e-01
-1.092177757068909738e+00
-1.181644867114441055e+00
3.246051685187393843e-01
-2.368721218315657406e+00
-4.959905857392188366e-01
9.866776995823964835e-01
5.752817416412103757e-01
-1.375596019235724832e+00
-6.785174797820263670e-01
-1.533785188211905792e+00
4.144379390349897663e-01
1.773024365418687243e-01
-3.277936987797079316e-01
6.561532813284144394e-01
6.408745506018345695e-02
2.637728303590212153e-01
4.056404995822278647e-01
-1.281373675690752556e+00
-3.159724113589891525e-02
6.864067891931724397e-01
8.639369432164712981e-01
-1.047630405419212929e+00
9.549046142459731712e-01
-3.970599496932504802e-01
-1.578316811299357303e+00
-1.553180367635032866e+00
-1.086448001273154329e+00
3.067467134610374346e-01
1.059833130945843527e+00
-3.839794608890154670e-01
-1.291483476297968558e+00
-7.736568726463292078e-01
-1.076960556984375428e-01
-1.701577236549788763e+00
-5.465127350328835565e-01
9.484989361904153093e-02
8.898248704666508191e-01
3.488330456007335267e-01
-1.091804383411654422e+00
-8.909115005240841878e-01
-7.683509009328424177e-01
-4.085803799463139097e-01
2.424598693868200705e-01
-1.020482467985763586e+00
-4.431651838415874289e-01
5.075212734652436719e-01
9.432086613828727373e-01
5.997958815618031903e-01
-2.282931061085726743e-01
6.765378440681187877e-01
-1.322088269237776226e+00
-9.214630595785735512e-01
3.301875708271968524e-01
-1.166867771946372700e-01
-1.345566664594855411e+00
-4.240146376527174632e-01
1.474242538033441852e+00
-4.109230336938709538e-01
4.566207554095164101e-01
-2.599481886116236651e-01
-3.793444773563420247e-02
7.941035621701922897e-01
-2.877732370296037234e-01
-5.218955491306173644e-02
3.890026300883773214e-01
-3.117857122985570606e-01
4.062857185226531609e-02
-1.612654030251519321e+00
9.034963371264077558e-01
-2.004893359788047780e-01
-4.095363513205178552e-01
3.908128382010059299e-02
6.183097395330300339e-01
-2.586900530100997297e-01
-1.747928373821374448e+00
1.560297953898311663e-01
7.618027269980062743e-02
4.392333406804762586e-01
5.904101355405158014e-01
-8.190489345588429781e-01
6.919200560890714780e-01
6.022221259834754647e-01
2.257267343221110445e-01
4.012359756388392262e-01
4.483051180506791300e-01
-2.825498191077785437e-01
9.065610245832467218e-01
-7.113884661562851486e-01
-3.799008193520390098e-01
6.395746261119779341e-02
6.555304416558282998e-01
3.479172345210288508e-01
-6.864810729622778940e-01
3.574442079647299764e-01
1.022408197472689073e+00
1.335467468684697068e-01
1.292868250055760893e+00
1.005583392701445478e+00
-6.340604239334556302e-01
1.812518355253202040e+00
2.188311084073853996e-01
1.942896199110732525e+00
-3.212122761945738758e-01
-9.618594332796645552e-02
-1.342127908852053242e-02
-1.422534102546534118e+00
-5.289845142574178816e-01
-1.226053103233590569e-01
-6.978067416904356612e-01
-9.195570644088443268e-01
-1.071799128492061381e+00
-6.937249365442721416e-02
7.805484614599487170e-01
-1.089339507863133383e+00
3.858539118251897437e-01
1.025420316417589572e-01
2.507863737919927560e-01
7.609031283280365265e-01
-1.651187519695429096e+00
-3.789045060083555683e-01
-1.826863885736055015e-01
-6.709698004602120402e-01
1.153909351931235117e+00
-4.682561664334924378e-01
-9.830629846308545083e-01
1.191964975465866994e+00
3.293432817032448945e-01
1.100311129415340483e+00
6.168768972050714394e-01
-7.367065923084633594e-01
-4.619711921370094343e-01
-1.078470842661668261e+00
8.653005843372212347e-01
1.884815009804878538e-01
-1.858125893519776639e+00
9.065663333710902716e-01
-1.305015806839375347e+00
1.638300482663411772e+00
1.570718593895882753e+00
-4.198409133863857390e-01
1.577620723062694297e-01
1.156428076039010655e+00
1.333567921468703066e+00
-1.049379650521129026e+00
1.183171803665138855e+00
-2.110440850146278358e+00
1.911501394157343769e+00
1.015659152826092315e+00
6.063514389942943339e-01
1.256579362477920347e-01
6.347518738526023441e-01
-5.860747696196541567e-02
-1.069185025154620883e+00
-2.775432976838400068e-01
1.632399898346227118e+00
-1.014299489654066688e+00
-5.306971007677667718e-01
3.483878134815676098e-01
-1.197940365413832642e-01
-6.811925683312349822e-01
7.801433653268116108e-01
-8.538895381263439388e-02
1.830740901657443298e-01
5.970973589442647445e-01
3.695469389766345980e-01
-2.119550638633774797e-01
-7.497724867513853031e-01
9.739467307369982230e-01
-7.503792340501993507e-01
-3.634509538868554435e-01
1.180417647038194406e+00
1.009636924540300518e+00
7.520330307860162433e-01
-3.804759872503785112e-01
1.913113026687265905e-01
1.326007225888722774e+00
-6.107159510537560898e-01
-1.024784269193085962e+00
1.177042302381279493e+00
-5.023799306664330500e-01
-1.356739820493974291e-01
-2.385442750892897978e-03
-7.516722866977809669e-01
6.306696484601321817e-01
9.726951924440387087e-02
8.312718278249504600e-01
7.097374623790944081e-01
-7.917272651342270873e-01
1.791753663877449609e+00
1.154119061969271387e+00
8.004910632735703913e-02
9.818735536805861530e-01
7.992704479901679981e-01
-3.081100426656498414e-01
1.874213162079088058e-01
-2.098293172424006592e+00
-9.215895427224407577e-01
3.180618477363042484e-01
-1.017105839662097111e+00
1.609162699974222788e+00
-4.526546528523929802e-01
7.770074318551867254e-02
1.068993169861893744e+00
-9.967162999489170838e-01
-2.121412827821210489e-01
-6.656730297358446347e-01
5.940346176299459158e-01
3.316280586354831694e-01
6.982171463051922711e-01
-1.176383367021333060e+00
-5.958742639860538093e-01
-1.346708477230376122e-01
4.498134552314049239e-01
5.241770727270348429e-01
3.004681784595037430e-01
3.492847866031500992e-01
-5.865196732115062206e-01
-1.075336041483013538e+00
-3.817199928391232788e-01
1.506812991081418751e+00
9.897858086030675295e-02
2.079474834939232686e+00
1.105191073838341476e+00
7.059341281902641319e-01
-2.811178314797115885e-01
-1.616927264567895595e-01
1.607295171478382523e+00
-5.806872347753807562e-01
6.318528014668227666e-01
-9.329359478695951058e-01
-1.758317669020642349e+00
8.046605725769406803e-01
-1.644390111928832610e-01
-4.159133964180452558e-01
-5.587895539305063330e-01
-6.827056878399211381e-01
-1.664462512629589108e+00
1.223854342456231592e+00
-3.495499337566981835e-01
-2.267085361781966846e+00
-1.001147336870849225e+00
6.809166613054266071e-01
9.685332410657163105e-02
1.859990489831072180e+00
4.497521016945579264e-01
-7.374458101290126688e-01
9.187982882278438179e-01
7.447343316301860972e-01
7.891605319238718108e-01
8.579831266723088046e-01
1.280195525553660674e-01
-9.419966876312497739e-01
-5.330939022382770176e-01
1.254135707110286102e+00
1.180862530221595819e+00
1.489090975688850405e+00
1.977471385567430157e-02
-2.061547183270175942e-01
-3.751633258551264616e-01
8.058637595298141498e-01
1.479240522779649680e+00
-1.525509877051069552e+00
2.114344562528946092e+00
3.324722635061254095e-01
6.307423696761277343e-01
-6.205119539491701364e-01
8.585971462385537656e-01
1.585717563140138231e-01
6.676595158174943867e-01
1.659387689707614744e+00
-5.505169249839106382e-02
-3.823454150472438973e-01
1.784452964828454391e+00
1.503195712251447880e+00
4.861564725036156553e-01
-1.805537657850754485e+00
-5.292603243684985692e-01
1.613122791900305275e+00
-8.976949574247519159e-01
-1.865395749628805389e+00
6.087948192203664899e-01
8.753031718584690646e-01
4.207093062400167616e-02
3.956072156586823985e-01
4.019773698660232819e-01
-6.637650014585392277e-01
2.538944586582104201e-01
-8.770647711647043820e-01
-1.152407076411456233e+00
1.861154032259643820e+00
-2.335956018792655353e+00
-3.436744627532833385e-01
-1.150252344498260415e+00
-9.318390387406385589e-01
3.796230070651540611e-02
1.029477525859799014e+00
5.988679744223740498e-02
9.840675162766476802e-01
2.820241908218198201e+00
-3.927753058896082394e-01
5.634772778322654219e-01
1.188707457787165633e-01
-1.860696198970265725e+00
4.506116987648408623e-01
-6.210860529566806232e-01
1.012126210193391884e+00
-1.051668669015235896e-01
-5.128866422877478293e-01
8.017905420250442949e-02
1.747016402362451926e+00
6.676569350483470000e-01
-1.981624417178290409e-01
-1.335875714706602047e+00
-1.344399378227415287e+00
1.087610384598807906e-01
-5.185333817296156056e-02
7.795799601558425218e-01
1.460219024192163539e+00
2.125104442773431690e-01
-1.173014230153213155e-01
-1.264430231555887518e+00
-1.639681573123989544e+00
-9.250857888899708392e-01
-1.020573015705835695e+00
-5.658021725020219161e-01
-1.540982682719293617e+00
1.790877617065350424e+00
-1.146144220433700900e+00
8.810832543094131442e-01
-1.041463927541534940e+00
1.187539953156501626e+00
9.977564349388021725e-01
-1.861967528642909930e-01
-8.658480479483730008e-01
7.116228537578623836e-01
4.695832397224815602e-01
4.360262992269139382e-01
-1.098267906625965740e+00
1.363066645339668703e+00
-1.402811728706395922e+00
-5.479878033478281507e-01
1.803527676120668222e+00
-1.145480309656079942e+00
1.518252644135701601e+00
6.880364840156072415e-02
2.211698919969387056e-01
9.357314853695969381e-01
-2.141023798930818955e-01
-1.118622646423264255e+00
-5.311417237395608115e-01
-1.412662161766420788e+00
-1.430245908658628329e+00
2.015132196526078778e-02
8.225054270104017462e-01
3.115093779218550685e-01
2.994285897345245751e-01
-1.410291659138577014e+00
1.266064214614363692e+00
5.206756129683665080e-02
4.885066746495012602e-01
9.837374467785933163e-01
-1.827817542043189913e+00
2.081995239995935165e-01
2.128714378779617888e+00
-1.584625587337123998e+00
-4.541543550577631372e-01
-6.128490635335921422e-01
6.985216415990557204e-01
-2.840594504155355970e-01
1.313752863932736159e-01
-1.120029573325095118e+00
9.221716091962566253e-01
3.219528290057115938e-01
9.591585435715975771e-01
-6.307006815874618977e-02
-8.337846081019614219e-01
1.218595912199572640e-01
-8.553442599419327497e-01
-5.767836267372195014e-01
-3.937212921828348033e-01
9.596451108920460715e-01
1.282275211989650998e+00
-5.570895165663262150e-01
1.302577666250444688e+00
-1.036342310620830542e-01
-1.927363282197191441e-01
1.496254013201164135e+00
-1.403438919029009468e-01
2.283253065831769568e-02
1.595729800048412805e+00
-4.364415048325790414e-01
-1.419563135620866667e+00
5.263326804451236018e-01
3.007175025048980932e-01
-5.753549915196354281e-02
1.396628735402672294e+00
-1.050178529866377053e+00
-3.385432271033820828e-01
-1.105735456420155582e+00
-6.613591316281811627e-01
1.500769319927677703e+00
2.645530319203687197e-01
7.881883982963090451e-01
4.002790869835444743e-01
8.819585449888494022e-01
7.488368192930374700e-01
-1.897047916880283680e-01
2.279069032891600233e-01
-1.032994345184664153e+00
8.602846508678685389e-01
-4.090583462877979137e-01
-7.290251848147658587e-01
1.952937359185294097e+00
1.250039538687685692e+00
-4.454625643351284858e-01
1.264622896952871112e-01
5.878157691059058276e-01
-7.269258493390640119e-01
1.617541740943961581e-01
7.810912640503322457e-01
-8.041227990351007548e-01
-2.540861747945390547e+00
-1.776279324529251191e+00
3.817712564512742990e-01
8.701329664052503965e-02
-2.960796402334459065e-02
-8.001048592950554816e-01
7.854129329073942234e-01
-7.424249069349569963e-01
-1.454207328481984085e+00
-5.421291923752806774e-01
4.097603907774477472e-01
-2.060141189756167224e-01
3.083507492860472210e-01
1.199412027715823559e+00
1.048068840535986812e+00
1.618217667902388968e+00
-6.782437081979262317e-01
-9.032240047528505844e-01
-1.604689919638460638e-01
-2.934718269249035338e-01
5.575015520939390345e-01
-8.266200049739049760e-01
1.402116874517944201e+00
5.939889861072007449e-01
3.428920631730608681e-01
-1.217482325423970835e+00
7.463653107853637780e-02
-1.125169679478747353e+00
1.807151273997502194e+00
-1.187999999791019112e+00
-1.325752939360618221e-01
-1.633654191470272465e+00
6.891891492668351660e-01
3.509044520816901325e-01
8.075930950543104281e-01
1.896930533262065621e-01
-5.510732209807723825e-01
1.292218870688843502e-01
1.976868456135592866e-01
-1.108646799242784864e+00
1.132621295564131270e+00
1.323354166376909724e+00
-1.412469676960754983e+00
2.961008338751536684e+00
1.405006926469562767e-01
-3.468112914316641704e-01
-1.305186102730299114e+00
-4.527069995657494461e-01
-8.157362539901522602e-01
-8.380690820558104326e-01
8.588227654940353561e-01
-4.905190205949491733e-02
4.371438527838019672e-01
-2.787647184550700041e-01
-1.206827710723379354e-02
1.062966184288933080e+00
1.274027026499350290e+00
-3.680968726222809129e-01
-8.973893747447223013e-02
-1.184960893415957672e+00
8.045650503017469646e-01
-2.400539907641451309e-01
4.721697369097239694e-01
1.171016763761209001e+00
3.274884549366186004e-02
-1.117422205852494743e+00
-9.889369412203157239e-01
7.776231820900900704e-01
-4.498836288322375920e-01
5.940215199720062511e-01
3.050467624896102681e-02
-1.285649470631552660e+00
9.709523139576751172e-01
8.211785672117903889e-01
1.596937692948987575e-01
4.506152201246533817e-01
-6.188059617432555004e-02
5.784165779299561549e-01
2.247627204706204584e-01
-8.292307974593724484e-01
8.602150569574148475e-01
2.509666934217628098e-01
-5.244772544636953082e-01
-1.131334854506684140e+00
2.889471572655217813e-01
2.880636496695315185e-01
-8.060318313458620931e-01
2.972658878428415252e-01
-8.834149960103399035e-01
-5.625908767783658337e-01
7.912047071062749959e-01
-5.140511411263648522e-01
-8.736526637250383587e-01
4.797751069363546117e-01
-1.333913392283692989e+00
6.013289780357508052e-01
6.031052063279412900e-01
-5.784131099502852758e-01
1.263548558863697879e+00
2.489369415070424862e-02
3.106471640201826201e+00
-9.484270926239528610e-01
4.255513300931499376e-01
1.753725633898451375e-01
4.419517078086197537e-01
-1.560036941760234441e+00
5.529725181211430085e-01
1.775041497227667908e-01
1.829594910628341009e-01
2.076277890377485225e+00
6.991877657039134997e-01
-5.746885753788848195e-02
8.670127877044260245e-01
-4.721988194939585881e-01
1.363335260354405776e+00
-1.230086186482580946e+00
1.487689452649852750e+00
-2.431156306457211702e-01
-1.417656949378085951e+00
1.929072092988993736e-01
-5.585495515973466496e-01
2.861859592126863583e-01
-2.622368760566086143e-01
-4.888166222645103920e-01
-8.328683801452338997e-01
-8.921977069020383677e-01
-2.690828864478870819e-01
1.144424236302847397e+00
5.400226509265908525e-01
1.680700713311664152e-01
3.173308506302731091e-01
5.967470983067126866e-01
-9.009144572918301730e-01
5.096655648156355189e-01
3.314113943416728270e-01
7.581833867185024944e-01
-1.075427502829048032e-01
8.010214603072339790e-01
-1.073435829914661355e+00
-1.347264189314576033e+00
-3.231524532217788792e-01
8.672308547669950185e-01
9.388865065074045724e-01
-3.430559358577504048e-01
2.580281906557820859e-01
8.866898813000906321e-02
1.138319067866223472e-01
-2.240285780851140607e-01
9.895327682948386050e-01
-1.880223212537750488e-01
-1.704900718169946039e-01
1.556031004791824879e+00
5.872505996687145124e-01
1.076489598741998677e-01
-1.727941497253736136e+00
-7.733886060962957831e-01
-9.414407919378832146e-01
-1.706131450739842181e+00
-9.768640380160089620e-01
9.636512727633946840e-01
-2.366948802157427534e-01
1.090876308746917767e+00
-2.125107221520197986e-01
-2.958087879195193670e-01
9.668931786151208074e-01
6.461073516966150398e-01
-2.556536095791125396e-01
1.024389444755489542e+00
1.596078198892804556e+00
-1.313597417952531987e-01
-7.284088645906854342e-01
1.184227363400050637e+00
-8.260925118735993333e-01
-4.338931439694614922e-01
2.209956788228520375e-01
5.299015204615521446e-01
2.585674893661003559e-01
-4.696981929729933669e-01
1.981685907236579558e+00
-1.830242411980883332e+00
-2.833849830412236148e-01
3.803339688894778470e-01
-1.159500060610529903e+00
1.802173904340468091e+00
2.315924741256084052e-02
-8.697627789927349085e-01
2.027121705767305215e+00
-2.271234894904328172e-03
-9.341906344592159073e-01
1.269653984993601270e+00
2.441116337980390738e-01
7.036099403826374665e-01
1.179084905919421722e+00
8.176301516988990770e-01
-1.242551089289528843e+00
2.649197284975253197e-01
1.504358672444962575e-01
-9.405262919191361703e-01
-1.464620450484108050e+00
3.510596353939541281e-01
-8.021260263651435185e-01
-4.279905508612493747e-01
-1.661885395967726220e+00
2.175731361154380483e-01
2.155606084663331257e-01
-1.419056316930858985e-01
1.529837379686231014e+00
-1.986971946363379038e+00
-1.498698315462807518e+00
3.359708222941093503e-01
1.201284417703924357e+00
-2.258122425536162325e-01
6.549253890659219035e-01
-1.713810983713705882e+00
-2.122338317583467138e+00
-1.398106805138363606e+00
-2.326515454497084523e-01
3.117920286403463859e-01
1.427139335294772104e+00
-5.266344312170168074e-01
-7.473574927068629137e-01
1.655778600695465563e-01
-7.719263807578107262e-01
-8.651779945700108776e-01
-8.773121604929460249e-01
2.188023649488071154e-01
-1.915219431127767713e+00
4.208046236415339258e-01
1.109313568848895981e+00
-1.550360506387187032e+00
-5.337967305727558953e-02
9.646607949050176600e-01
-4.936919156033754974e-01
2.849948307116504376e-01
-1.209476590411031172e+00
-7.311913328426777881e-01
1.249851441010619180e+00
8.355473440068103552e-02
-1.327344408533696618e-01
1.276987197485890846e+00
3.976228234500204239e-01
-3.273418820240353022e-01
2.103571168589200457e+00
1.367835941018903823e+00
-9.549111390672448962e-01
-6.311325635021083347e-01
-3.742269932159958401e-01
6.056164413757665343e-01
-1.136181557226033423e+00
8.871109797496123939e-02
6.283013482139313544e-01
-9.963569660188772437e-01
-2.855980105261204938e-01
6.637552162906579234e-01
-1.892933290177285732e+00
-8.055641561268684914e-01
-9.217469101548004806e-01
-1.026091142103498610e+00
1.178529461087044261e+00
1.086811407841391297e+00
-4.642077047052108885e-01
6.504546575961114296e-01
5.546513301035945753e-01
9.632976959961945251e-01
1.101927068181137503e+00
2.836816560529866749e-01
-8.952380001431222700e-01
-6.121599526545817849e-01
1.229868825149475819e+00
1.684233409508193446e-01
8.337859372624614185e-01
-1.015319484060360100e+00
-5.947529225934371500e-01
-1.412321715878786632e+00
5.261846132679137700e-02
1.491014449339620684e+00
1.206221736592840932e+00
-1.009791820309218213e+00
1.941178984296896504e+00
-4.273845860493312721e-01
-1.012072091843045252e+00
-3.468342150785900246e-01
2.812705169218709944e-01
2.816661552313703965e-02
-8.529277347438009027e-01
1.530431687975425836e+00
9.788306703162792388e-01
-5.189689740643866900e-01
-3.439818336825862799e-01
-2.028543583983363430e+00
-7.341728443925255032e-01
2.145010581645592218e-01
-6.988053259768152170e-01
8.468089772107967317e-02
-1.465983001578262446e+00
1.279306797798088313e+00
-6.504540459882064418e-01
1.607305039713026185e-01
7.269406491974289564e-01
-3.782783049708755008e-01
-5.265448236620797751e-01
1.128737197867971442e+00
-4.717332488160752568e-01
2.818990242245569267e-01
-2.361419665057127748e+00
9.292312780136514627e-01
-2.582611871071642251e-01
1.915239277365618498e-01
1.074778625531238596e+00
-3.481902477763669790e-01
1.336675662408972398e+00
4.704493734050816389e-01
1.335047806873715104e-01
3.536440660963330873e-01
2.073500202476815657e-01
1.305731415582771726e+00
9.339964860916258882e-01
1.508093401151225366e-01
5.365239424963186288e-01
1.509668628518458400e+00
-5.816322974719562167e-01
-8.913228792736772599e-01
5.348079357937945977e-02
4.333567924765294732e-01
2.380785747557047083e-01
-3.107071304423181246e-01
-4.004381666120008787e-01
-6.846600095258351115e-04
-2.170784708388099116e+00
-3.560299985211378138e-01
-5.950819838372145565e-01
-5.185733488275559022e-01
-3.319586976317919769e-01
7.113457611080760135e-01
3.253855635875634866e-01
-6.467986967238434914e-01
8.264704946005113628e-01
-6.331405690461331393e-01
-1.239326671594156881e+00
-7.677903168203167317e-01
-3.892650434050637376e-02
-7.519754973032979350e-01
6.880020578847283463e-01
-1.267158224510431364e+00
-1.221921550767737674e+00
-7.799354206088865427e-01
-1.370716536700903765e+00
-4.356628655901516600e-01
1.267684788747145852e+00
-5.955819978165309836e-01
1.576692200540240840e+00
6.369035456132181583e-01
-7.404627034225095272e-01
7.980531937757989747e-01
-3.434114561209059002e-01
7.573331743234001934e-02
8.223484890301482331e-01
-9.125236040785802971e-02
1.498761823007127569e+00
2.471490115102642493e-02
-5.895769239657130401e-01
-1.697438441456248781e-01
-8.455494199438815528e-01
-1.738801649329279497e+00
-6.848694728270184884e-01
-5.284081260611286912e-02
1.492958595260800214e+00
-1.390856079626876074e+00
1.959556799659783466e-01
1.551324227142680534e-01
-2.048957061822251069e-01
-3.635915496742750386e-01
-9.911768634168383052e-01
6.402636200016218471e-01
1.489301456491913533e-01
3.472042950082360191e-01
-1.521302269184417355e+00
3.679660464558272004e-01
-3.996794825990050981e-01
4.256182394912658151e-02
-3.859650448205667050e-01
1.683784891306371323e+00
3.993744106737817101e-01
7.292864253173589884e-01
1.570783360952369367e+00
-1.112581423363494526e-01
1.038895836796060346e+00
6.023480424998063354e-01
-1.938686905362457802e-02
-5.801704228181423506e-01
-5.188942875709751101e-01
-2.607974105696574951e-01
1.176583495097636600e+00
6.223852560287498337e-01
-9.454131164088122041e-01
2.304514860763981154e+00
-1.374355329498200273e-01
-9.775578521967643875e-01
3.192247004253179893e-02
-7.340701875584190739e-02
-1.167219849489117278e-01
9.736975625767427811e-01
3.888518671697248630e-01
-5.949121328955746524e-01
1.067463288496430351e+00
-3.574128134392960954e-01
7.300256282785750894e-01
5.400359871055036010e-01
2.453268934331363837e+00
3.108930831326087718e-01
7.808058496379777225e-01
2.290328434653388090e-02
1.679885277492042084e+00
4.081589149639976433e-01
7.076959006150982390e-01
3.451257150376278449e-01
-1.844990520476880169e+00
-5.001451084145681625e-01
-1.653333714451606928e+00
-1.110927465890253263e+00
-2.348168326510458870e-01
-8.015478509163831422e-02
-1.061412782154726342e+00
3.534083000954470477e-01
1.830252151006165895e-01
1.312886252416884392e-01
-5.980738824278529764e-01
1.561692391305818939e-01
2.124225172609576440e+00
-8.051202356297115781e-02
-8.760813983816841954e-01
-1.764892513209655567e+00
6.447384955945193452e-01
5.467244553584071909e-02
7.160800309320962675e-01
6.270733246145409057e-01
-5.502497311279785919e-01
3.334981705693048637e-01
-3.138961335519561691e-01
-4.457951683677844334e-01
-6.566667268968139348e-01
-2.120472613558482822e-02
-2.838436382032419325e-01
-1.132242235554187237e+00
-2.131958155338572691e+00
7.520463105613679478e-01
1.939816327351456815e-01
-3.653860055090168979e-01
9.413098851256462840e-02
-2.370280430107695180e-01
2.404745485811546624e-01
2.742909850316764819e-01
2.113194994403945759e-01
8.272391621242046744e-01
-3.019840617585912712e-01
1.249347696917481709e+00
-4.508919902762975607e-01
1.132839729071933199e+00
4.938268618894559037e-01
-1.023845182381480368e-03
-6.773046995792136871e-02
6.802789185914055459e-01
7.977256025380884408e-01
-1.230658793644901217e-01
-1.441262364725699685e+00
-1.380055835760918281e+00
-1.570721665879029283e+00
6.876466716736259199e-01
-6.221753251302529764e-01
-1.240654723864063946e+00
4.350509327621626676e-03
5.404722350348032389e-01
8.356056115274731466e-01
5.632905400403422913e-01
-8.068620719225549909e-01
6.887934509581006282e-01
6.013525835322020008e-02
2.791449756640835389e+00
2.048414642304245414e-01
-1.068353855244619233e+00
2.368983159136316408e-01
-5.317270482651241803e-01
-7.366268950460358456e-01
-1.939054475606882266e-01
-5.214215553438950046e-01
2.595916152566571933e-01
6.996389872796522358e-01
2.328132934103388507e-01
5.103846778578200460e-01
-2.021348703902959620e+00
-6.279382590242054141e-01
-9.139867800513560292e-01
3.489189037182228725e-01
-7.401434420384560564e-01
-1.612652199419182253e-01
6.221908117648166092e-01
-9.615964555157709981e-01
-4.463056952368010810e-01
3.284271301313979596e-01
-4.975939098785965298e-01
-7.255059062632653044e-02
-5.613822144637347078e-01
3.894248442092156925e-01
1.705855504080924512e-01
-5.193473832591096739e-01
-6.266444872933417676e-01
-1.115982856124797529e-01
-5.536773468396176678e-01
-8.584880232345089013e-01
5.516356782554707738e-01
1.741941903996755414e+00
-4.940399628389215425e-01
-4.473582716165021012e-01
-5.508983773287566832e-01
5.270427685370790982e-01
-2.224476254267265807e-01
-2.812603192332541191e-01
-2.433620765086966925e-02
7.312925838092970698e-02
1.907212309521849614e+00
-3.486269048713792618e-01
-1.229240155046790184e-02
1.913968556194221904e+00
-5.840099309508164360e-01
1.786760490452476979e-01
4.457320199818196049e-02
5.108489371873011775e-01
6.509757902665658236e-02
5.570866755423650174e-01
8.697479771171378049e-01
2.091104534820923622e+00
4.693316457451289780e-01
-4.770316762126652899e-02
-1.130677259590451289e+00
-4.920100547521777390e-01
1.104248196620102540e+00
-9.987574673954979776e-01
8.809707337844069341e-02
-1.051196931243668420e+00
-2.884836110978370449e-01
-1.055549946079860302e+00
-1.440350802318278500e+00
-6.412565777307381865e-01
7.874224872067652203e-01
1.293516061516478244e+00
-2.060513022533398131e-01
1.175127498570654461e-01
6.973265497898016863e-01
-8.866318900933558567e-01
2.112416968805159279e+00
1.836337470974339192e+00
5.400975554617635233e-01
-5.811407599937262747e-02
-4.706518263083954157e-01
2.470922079799263704e-01
-2.920881615695686273e-01
4.515274117443369151e-01
-3.306167711170329149e-01
-1.755611765119251766e+00
-1.029301959710707592e+00
2.751942655705844759e-02
6.101825069326672901e-01
-4.585872192630246480e-01
-2.650420199716486125e-01
-4.827323602036561190e-01
-2.485876895263339492e-01
1.988094114825623981e-01
3.453761291415929358e-01
-2.213027463647966320e-01
-1.498835556126144331e-01
5.393309392485926557e-01
4.331457683316667362e-01
8.466659792439025223e-01
3.170224531044329108e+00
-2.066803542196692656e-01
-7.620662479334791017e-01
1.279640772638487300e-01
4.637669749049319057e-01
1.151723739542290792e+00
-2.591792836268322908e-01
-1.150127626368902423e+00
-1.214088886052480665e-01
1.127539177446363894e+00
-8.350473997340577270e-01
-1.528274591441587393e-01
1.219006364759086081e+00
-1.294426704334682210e+00
-6.249799237650007638e-02
-1.584750339792851195e-03
8.156649099334858932e-02
-6.854834086927489301e-01
1.805950001577109498e+00
2.680384790334545686e-01
5.580346176971433536e-01
3.472190766813222917e-01
-1.533519813628997919e-01
5.093655025129779634e-01
1.048649810765674845e-01
-1.785845972966012551e-01
1.023168519682819300e+00
4.613540478457411886e-03
1.237824844226914189e+00
-1.510145626899305649e+00
-7.300565349649713598e-01
2.786579193969435098e-01
-9.407604914172212895e-01
-5.677742067491969857e-01
2.098276576981869201e+00
-5.051121647564698058e-01
1.313918918039822525e-01
-1.689275986150215347e+00
2.555753355835339025e-01
6.144707205951969176e-01
2.214614537213004386e-01
1.945044237086859251e-01
-1.970226111782307443e+00
-1.106154390735075155e-01
8.822410156931337344e-01
5.627994870636560121e-01
-7.779411804720467449e-01
-1.137496573891689788e+00
-1.217251620901288467e+00
-6.277919248925162288e-01
-4.725276646150162740e-01
-1.286287690595146582e+00
-1.359639395174676357e+00
-7.149557333836568107e-01
8.501566684582851918e-01
-8.123120255677609425e-01
-2.200875946658832572e+00
8.270880417264668827e-01
-3.181757660333119908e-01
7.452930436797131630e-01
1.528118425018264448e+00
2.455376735086988726e-01
1.559174711980142736e-01
-3.756142176587756731e-02
-2.002418462657469700e+00
-1.233269526856651810e+00
-1.373764901698500074e+00
4.990544078671667050e-01
1.344330926858309461e+00
-6.380192242097039168e-01
-8.147100977499852070e-02
-8.500073452696412790e-01
-1.203197574073082698e+00
7.329042864329300411e-01
1.038357934554321460e-01
5.729047493015786419e-01
1.019727646015514466e+00
-4.148849169788740299e-02
-1.230318405939230253e+00
1.460044286941823755e+00
1.893615837322817574e+00
-2.785175473062317941e-02
-8.029613174673171372e-01
2.551748721585679558e+00
2.223702996051177383e+00
-3.587032541169891675e-01
6.458526832003617102e-01
-5.187556622382960558e-01
4.452578967919582076e-01
-1.265329925700300340e-01
-4.213920859713868317e-01
8.475888328884417788e-01
8.782132050341477925e-01
-1.426699010509725252e+00
3.551292224257063257e-01
7.042338777199400601e-01
1.094418160589970990e+00
-8.778238492693204442e-01
-7.186515167930963566e-01
-9.341872992110404894e-01
1.320724816932217216e-02
-1.162149022591408176e+00
-5.734140027999166112e-01
-2.459076700976871310e-01
4.117107753800890446e-01
-5.866730446350627570e-01
2.132322719269601485e-01
-7.207624338803171327e-01
3.610134325934586941e-01
1.304687780215608273e+00
3.377700014539798401e-01
-1.889444574500444007e+00
-5.471999073061470931e-01
8.783903191738646754e-01
3.118307812958531766e-02
-2.145549020311317001e+00
4.783467946790948555e-01
2.457991970411566585e-01
7.029176843408162512e-01
-5.002826184750391869e-01
-5.581673792129384637e-01
3.921647554453961404e-01
7.728340541441026668e-01
-1.447471209914747425e-01
-3.384967168653126024e-02
-2.337130833024621546e-01
1.539856981447915996e-01
-4.488714475613651000e-01
-9.149052016647165608e-01
-1.591061124886974931e-01
-8.702608309476143056e-01
-7.022958847839446683e-01
1.866518449395153656e+00
7.677617957100768553e-01
-7.795185897892448201e-02
5.591021071778792262e-01
3.204839588401131589e-02
-4.122048892311828139e-01
3.088950429338509496e-01
2.240576511291918926e+00
1.262509639640375214e+00
1.005153225709854770e+00
1.469134851421468047e-01
-4.932434117599545642e-01
-9.037929253764322990e-01
1.903290590766557822e+00
-1.800187954633744314e-01
4.455099254682083343e-01
-2.896468955596993022e-01
-1.773660355097000263e+00
1.511741035096772157e+00
2.279553309649047232e+00
3.533456764848565967e-01
-1.435015617038243096e+00
-1.468495113573735633e+00
5.187547176266935622e-01
-7.548108607130770142e-01
6.200857120502862863e-01
1.247067969148160982e+00
1.637938893301240650e+00
6.745910717386789379e-01
2.175218769110703054e-01
1.796777126189929435e-02
3.994165828318670952e-01
1.211983458477319697e+00
2.827831767614439329e-01
-5.657806069988894349e-01
-1.799072189552303191e+00
2.302767881319330301e-01
-1.975120616830365883e+00
1.383609208868153972e+00
1.730725065088931369e-01
7.483903670049513179e-01
-3.147226528163882264e-01
-8.902383710111888560e-01
-1.217084416184817386e-01
1.048825444637035531e+00
-3.017676995078327762e-01
1.929730710464881094e+00
2.294310970699191821e-01
1.373985094696482667e-01
-9.239409029102998439e-01
1.392343365745478123e-01
1.466871046850903859e+00
1.620485118864919416e+00
4.593880111765681895e-01
-5.395829998113180759e-01
6.423165213828049280e-01
4.790718190233816398e-01
9.185550738326553333e-01
5.705997649207062983e-01
-1.821266987981573493e-03
-3.672071182630780584e-01
3.158875602519868320e-01
-1.384526854536843210e+00
-7.222515383113183862e-01
-1.095058914557041296e+00
-1.037130788869220943e+00
-1.072841651872223245e+00
1.077921782450280697e+00
-3.440269863947540974e-01
-1.795548426205255677e-01
8.252026676831230034e-01
1.078287228227836403e+00
2.356682315780946890e-01
1.866203462220115350e+00
-1.017377876010337356e+00
-1.730101650942632574e-01
-1.695718302488470774e+00
4.932827824467261174e-02
-2.285456313603978495e-02
-3.724618764436939955e-01
1.028322108284253078e+00
5.433381982877749650e-01
-1.039178706256544960e+00
-1.595547054152532951e-01
-5.839279515988735625e-01
-8.587135045234399744e-01
-8.327784114005737370e-02
-1.760962005375857453e+00
1.447280048882593206e+00
1.213787897081177736e+00
-4.733086150177145401e-01
-8.033713851531515404e-01
1.048859523475488720e+00
-6.283095338501729632e-01
-6.855867087596446696e-01
5.470996472246523190e-01
-8.468511918728295340e-01
8.433874236388402834e-02
2.146463469922713918e-01
-8.855216266377186063e-01
1.853000482891626888e+00
8.069982893427276593e-01
-1.306570882360487795e+00
-4.772200615100899435e-01
5.992860051874071559e-02
-1.084238360555376257e+00
-6.276834573373193393e-01
7.182948834984732578e-01
5.207297132221068159e-01
1.260779076385252218e+00
-1.715780668804109732e+00
-2.336012109207066811e-02
3.459598310803262411e-01
4.103859231603566582e-01
-1.928258927055505612e-01
5.002037970093385910e-01
1.884567761703374700e+00
4.439268383769262583e-01
7.901400870627919293e-01
-1.650383442612037843e+00
-5.314741901021067250e-01
-3.799482747438908126e-01
1.579583343539788798e+00
1.130746956841576001e+00
1.970756904660589948e-01
-9.681112429188007962e-01
1.090761984880894708e+00
-8.653045870647934068e-01
-1.804186429041758188e+00
1.469745143281917743e+00
9.341000423586175438e-01
2.063401187304461648e-01
-1.031540044059956696e+00
-7.115357789012344281e-01
-2.305271248808602458e+00
1.124392490681710655e+00
7.077299449892096028e-01
1.372142657514008324e-03
-4.223570077080401330e-01
-4.334312648968609016e-01
1.610016815386861477e+00
-4.192456373944292713e-01
-1.134683828337866629e+00
-3.585076193954122581e-01
9.775004791467399867e-01
-2.712824080221756806e-02
-4.527962615548044439e-02
-3.210064330962389967e-01
5.773699432026773160e-01
3.397178792847911355e-01
6.703851925739736650e-01
-1.820790504536747845e-01
-1.013741090499903796e+00
9.256366761744160288e-01
-7.403878170648919843e-01
1.994065008303411157e-01
1.746778833456556601e+00
7.225476579987344383e-01
1.330105012476269222e+00
1.461369462966211064e-01
-7.106621256725383917e-01
-1.840586985041029244e+00
-2.664242317959546469e-01
-8.395602454996897723e-01
9.282338701032315509e-01
-1.360521081209718597e+00
-8.021426665163866598e-02
1.510749113620182271e+00
6.756500687464616073e-01
1.240824794346958582e+00
-1.567581943406993972e+00
3.177027973952770146e-01
-2.871415001986900584e-01
-4.905376322098546626e-02
-6.642891106565385062e-01
1.037673606236812818e+00
-2.415645623017769195e-01
-1.851220502847012561e+00
-1.523496793885109613e+00
3.027825193459841024e-01
1.596742276595758625e+00
1.084591820301607168e+00
2.064028683669082431e-01
-6.710656534809383844e-01
-9.088302376651377079e-01
9.863132119328905933e-02
3.691639922532186091e-02
-1.367052424860876858e+00
-3.022532475661365292e-01
-1.183218320890690456e-01
4.695115085993587511e-01
2.408344927096273569e+00
-7.925207085616035041e-01
5.313862398273249132e-01
7.415303181126708942e-02
9.695319751253387297e-01
2.956833750506387304e+00
4.773473625115299268e-01
3.494127082757748637e-01
-5.702888176872050741e-01
-2.073604330684865882e-01
-1.308175127955147898e+00
-6.369016302378291416e-02
9.427709733212097376e-02
-8.145490288022396719e-01
-1.002517772336865898e+00
9.475000353241653794e-01
1.356287268744803987e+00
-7.456788343633367067e-01
1.325887723955060382e+00
-3.600576679266299651e-01
7.902698783447935638e-01
9.250526136665822019e-01
2.971266874678168968e-01
-1.695564906345108369e+00
-2.702652456791264646e-01
-5.881680254198607960e-01
1.175577739087947160e+00
-8.103652185418631637e-01
-6.884209329515292852e-01
7.161741029324926178e-01
-5.326132688316018715e-01
1.305503785693504781e-01
-1.948076775262812532e+00
-1.682263632056343328e+00
6.214677594205781919e-01
1.256272130256808062e-01
1.137607571868868073e+00
-1.728034979289997386e-01
1.191240345689481561e-01
-6.713565034701068912e-01
-2.463092455125202862e-01
-2.127723778597495397e+00
6.840102081001899759e-01
3.548484445504189733e-01
9.556828777815296050e-01
2.824134338802296029e-01
-1.337700393623929562e+00
-7.808209287381988606e-01
-2.797452199655562355e-01
-1.072139130345870495e-01
-1.399216671104494214e+00
1.472675403316399123e+00
-1.616949888374240363e+00
-3.191311716054376912e-01
-1.585315798340497739e+00
-6.016872827569108573e-01
-2.126125095495193240e-01
1.022610562756858910e+00
-2.962025172772375092e-01
-1.905881677958132514e-01
-4.028125605442179347e-01
2.035670950458336736e-01
-1.353644095295992722e+00
7.939824765463858736e-01
-1.059375839207949310e+00
-1.591531476870550410e+00
-1.013784766187239283e-01
-1.925810558316668475e-01
-7.753869754301778716e-01
5.293455428233512228e-01
2.144648488521741503e-02
-8.182204617225814491e-01
1.141918626667012937e+00
-5.281689392752374895e-02
1.675975310183125400e-02
-4.241627489800263717e-01
-5.782785763945715862e-01
-9.708304293676528474e-03
7.251593868115639996e-01
5.281633781324437393e-01
3.301441115975279894e-01
8.294617724186857943e-01
-2.300770121420149472e+00
4.812249874038462272e-01
-6.328871943833852542e-01
-5.916756244257803665e-01
5.037332329140544740e-01
2.346154770871184070e+00
-4.426387224381584939e-01
3.644314668350748243e-01
1.102896555133348944e+00
1.248636124468496478e+00
-5.369510626365971845e-02
3.688819260446600801e-01
-7.557491585288650393e-01
4.935067500533771301e-01
-1.877879828698999498e+00
7.299855728081767747e-01
2.327660216947156968e+00
2.895555257945814365e-01
-9.480864591827826704e-01
-8.008408195520182460e-01
6.655255704965029606e-01
-1.534546398106993781e+00
5.388661022556265889e-01
-3.350127004179848100e-01
-1.643989374412338833e+00
-1.805204558355436029e-01
-8.257201205786048881e-01
-1.266307354866938351e+00
1.016375314145929187e-01
-1.313659812748249278e+00
1.943096220176618316e-01
1.941531595790410014e-01
2.052799797484363697e+00
-1.174543274536635096e+00
8.104189192023012467e-01
-5.077901186203035433e-01
9.672943413762902232e-01
-7.634474128921009406e-01
9.325172565605182040e-01
-8.812003997008370781e-01
2.917708089190549359e-01
3.948021855232766719e-01
1.060416561937171931e+00
-1.752772051773010764e+00
-9.528659129918631843e-02
-1.816229908645671243e+00
-1.378506911775168042e-01
5.380715511986018385e-01
-5.545268472982805008e-01
2.249485338684459990e+00
1.126148914545963109e+00
4.512330649870520127e-01
1.248776867578197836e+00
-3.121003782732578280e+00
-7.544291544340953060e-01
-4.375100869376091772e-01
1.072588498951130509e+00
-2.149990509776341874e+00
4.023132237653864185e-01
-5.402396610892236106e-01
5.555826721970579252e-01
-1.397451852495145808e+00
9.923280940984018361e-01
-1.173790944643421152e+00
1.215637750148199858e+00
-7.725811251105989541e-01
1.095088524405860797e+00
6.364736383618431192e-01
9.959920944881397453e-01
-8.928418874401560235e-01
1.125435585740890143e-01
-8.245002780388237529e-01
2.793752621923070834e+00
-8.751726209990078331e-01
3.162351137152681624e-02
1.986552944695441775e-02
-5.252609135189225675e-01
8.153930268571834006e-01
6.177879037660465311e-01
-6.617443737949247895e-01
-2.502024113869198541e+00
-6.959205607541381067e-01
1.559697191959260043e-01
-7.158555354761713119e-01
5.112034384157968514e-01
-1.382795899976044796e-01
-9.017431922410914513e-01
-8.686494906017705464e-01
-3.273744547895577894e-01
1.177038054961305757e+00
-1.504584866646333730e+00
-4.195464710279544485e-01
1.038517074033397242e-01
-1.978671128234275878e-01
-6.154383200908884050e-02
2.858318399777362573e-02
1.219611511536842219e+00
9.910221695059773239e-01
-1.079731546715378077e+00
5.597445031895112444e-02
6.361002773781850861e-01
-7.154354123917217034e-01
6.348642765783708841e-02
2.146699778211014209e-01
5.195967639330492105e-01
1.047226688276605922e+00
2.099125967355148226e-01
1.162036052722968726e+00
-9.918130542832646057e-01
8.958397196745144786e-01
1.382376972376896607e+00
1.089099975527983988e+00
1.217221944339832718e-01
9.824617057294482425e-02
9.833729556704449148e-01
-6.894403881791932864e-02
3.665220502850007889e-01
-8.337498022598932579e-01
-4.226336493310712816e-01
-1.154504510378344895e+00
1.404342422516408728e+00
3.673045159888810307e-01
-5.650924577023989093e-01
8.766851204885310889e-01
6.673994137880665534e-01
7.683936622507876457e-01
1.106942354803722717e-01
-7.569383841772716615e-01
1.753067134482166889e-01
-8.946312049200064731e-01
8.764279265377784567e-01
1.282197983889050263e+00
-9.605038410740829313e-01
-7.522867484742823407e-01
-1.122214908451682369e+00
9.159070583002895116e-01
-4.763270189232727825e-01
3.855554739503269657e-01
9.885175433921625787e-01
-2.144851093472976145e-01
-1.711050042455879439e+00
-1.416462928285932676e+00
-3.121727999096412520e-01
1.096130751364065237e+00
1.871544442937228825e-01
5.399713469388488507e-01
2.248089174463898943e-01
-2.948366007422030810e-01
-8.324756190386154442e-01
6.485816882778836501e-01
-8.271672764444091275e-01
-1.771000232996889245e+00
6.172191378877174284e-01
9.158016889551778839e-02
-2.280687731237771132e+00
8.118612029244984818e-01
5.235851397725382883e-01
2.741499695268449499e-01
-7.951290078745273382e-01
-4.324169121227556256e-01
-8.735573870252448803e-01
-4.697446305473355066e-01
5.851938458925398656e-03
-1.040201654920732466e+00
-2.173759262051853658e-01
-5.026693625163940471e-01
-6.490657663135045441e-01
-2.563929343048613196e-01
-1.312187564400337791e+00
5.255124630146126297e-01
-1.409977303876514432e+00
3.871403832607248074e-02
1.422716502540093964e-01
6.233625924950831898e-01
5.407394606963462635e-01
8.186594278419967452e-01
1.749475915683686100e+00
-9.277756267679087010e-01
1.326331968234295999e+00
5.601590187086554762e-01
-3.064578834859094103e-01
-1.974914296863691243e+00
-1.565275848363282263e-01
-9.261642631873692189e-01
-4.465333277269436518e-01
2.731597442390579222e-01
2.117937006197018190e-02
-4.017054049782495251e-01
1.105414525480974824e-01
4.258716595592890175e-01
1.347842043893229480e+00
-1.110222136461308517e-01
3.256790053087828540e-01
-2.234680433418599899e-01
-1.285493175267691524e-01
5.814345338373494432e-01
-1.311511084868427712e+00
-1.690371544690716932e-01
2.979415036073442824e-01
2.013313057545721652e+00
-9.032413899639017696e-02
-9.394606920415695672e-01
7.604272960675959592e-01
-4.197086047876620596e-02
2.212972942084234229e-01
1.332828429516236812e-01
-6.538659346153525842e-01
6.203011851647964869e-01
-1.150113739235599342e+00
2.642026581140501929e-01
-1.035287477446744875e+00
5.864010797098995198e-01
1.159523792563786015e+00
-1.151994267299356833e+00
5.374908854806392799e-01
3.490791381958666673e-01
5.474875351041117444e-01
-3.175368289342338501e-01
5.429011690619406361e-02
-1.979677581299995826e+00
1.301262744137754446e+00
2.928881572116461829e-01
-5.201663504302457275e-01
1.729472531606639274e+00
4.318749861695508896e-01
1.599702414505071779e+00
1.770779819330434157e-01
1.206325956684921596e-01
-1.505468258857266983e+00
1.573021333556442747e-01
-4.215638200530217317e-01
-1.173147770916912913e+00
8.801174263949033127e-01
1.118317710879966453e+00
-5.350205182705969342e-01
8.418843699072037223e-01
3.460987335130918940e-01
5.556922416470706783e-02
1.963351929082296055e+00
4.766041472180537197e-01
-6.954054846237719412e-01
-2.925594621811393736e-01
9.148847995495574814e-01
-2.843138691996225376e-01
-2.292011167556288420e+00
6.941839026857098416e-01
-1.233041087596191965e-01
-7.036083059736659984e-02
3.561194924241689597e-01
3.518937791667353654e-01
1.603853595578507152e+00
-1.537204115362306167e-02
-8.734097639652931289e-01
-8.386259452043388629e-01
-7.429180918754751950e-01
1.049504708912135431e+00
3.897659025406873257e-01
-4.679662662114469907e-01
5.823043703132050330e-01
1.447058215902275791e+00
5.706164111437490583e-01
5.354331357047903417e-01
-8.712000347562073310e-01
-1.231809546255156818e+00
-5.740297819427164772e-01
-3.204921967571988661e-01
7.525879970976848687e-01
5.700961883161070887e-01
-1.953416570109635320e+00
-6.020677926399679025e-01
-9.232100028939709269e-01
-3.835703325504902783e-01
-2.674573719336055255e-01
-7.421613297240502449e-01
